1	2
1	20
1	21
1	28
1	63
2	4
2	8
2	9
2	26
2	28
2	38
2	64
2	67
2	97
2	111
3	4
3	5
3	11
3	13
3	23
3	41
3	42
3	55
3	62
3	79
3	82
3	91
3	100
3	104
3	108
3	109
3	112
3	119
3	121
3	127
4	9
4	20
4	24
4	25
4	35
4	54
4	87
4	105
5	31
5	35
5	61
5	87
5	96
5	100
5	103
5	106
5	108
5	115
5	120
5	128
6	34
6	44
6	48
6	49
6	53
6	57
6	58
6	60
6	61
6	63
6	72
6	77
6	95
6	102
6	107
6	110
6	125
7	13
7	18
7	27
7	41
7	62
7	70
7	74
7	79
7	87
7	91
7	108
7	109
7	118
7	120
7	121
7	127
8	9
8	14
8	15
8	20
8	30
8	37
8	87
9	20
9	26
9	37
9	38
9	39
9	40
9	64
10	22
10	24
10	25
10	26
10	54
10	64
10	67
10	74
10	99
10	117
10	123
11	18
11	27
11	65
11	74
11	75
11	79
11	96
11	100
11	101
11	106
11	115
11	119
12	13
12	18
12	27
12	31
12	36
12	55
12	62
12	68
12	76
12	100
12	106
12	109
12	119
12	127
12	128
13	18
13	28
13	31
13	41
13	55
13	74
13	90
13	91
13	100
13	106
13	108
13	110
13	112
13	113
13	118
14	16
14	25
14	26
14	30
14	37
14	40
14	42
14	45
14	54
14	64
14	72
14	87
14	111
15	23
15	39
15	47
15	67
15	68
15	71
15	80
15	84
15	85
15	88
15	90
15	117
15	118
15	121
15	124
16	20
16	21
16	24
16	26
16	28
16	46
16	48
16	64
16	87
16	91
16	114
17	34
17	43
17	48
17	49
17	51
17	52
17	53
17	56
17	61
17	62
17	63
17	81
17	89
17	107
17	119
17	125
18	23
18	27
18	31
18	43
18	55
18	60
18	63
18	74
18	100
18	101
18	103
18	104
18	109
18	115
18	120
18	121
18	127
18	128
19	34
19	48
19	51
19	53
19	57
19	58
19	61
19	62
19	63
19	69
19	73
19	87
19	89
19	102
19	110
19	115
19	123
19	126
20	22
20	28
20	30
20	38
20	40
20	42
20	50
20	51
20	52
20	53
20	54
20	64
20	111
21	22
21	24
21	38
21	40
21	42
21	51
21	52
21	53
21	64
21	105
21	117
21	123
22	25
22	30
22	37
22	40
22	52
22	53
22	67
22	81
22	87
22	111
22	118
23	33
23	43
23	47
23	60
23	66
23	70
23	74
23	76
23	77
23	80
23	82
23	83
23	86
23	88
23	92
23	94
23	97
23	117
23	122
24	37
24	42
24	57
24	64
24	87
24	105
25	26
25	42
25	54
25	57
25	58
25	64
25	86
25	105
26	30
26	37
26	40
26	55
26	58
26	59
26	64
26	73
26	75
26	126
27	41
27	55
27	69
27	74
27	84
27	92
27	94
27	106
27	109
27	112
27	113
27	115
27	118
27	120
27	123
27	128
28	30
28	37
28	38
28	40
28	54
28	58
28	59
28	60
28	61
28	64
28	86
28	87
28	91
28	96
28	105
28	111
29	34
29	49
29	52
29	54
29	56
29	57
29	60
29	61
29	63
29	65
29	73
29	77
29	85
29	89
29	114
29	116
29	123
29	125
30	60
30	61
30	62
30	63
30	87
30	105
31	36
31	41
31	55
31	66
31	68
31	75
31	88
31	100
31	103
31	104
31	108
31	121
31	128
32	39
32	43
32	47
32	48
32	70
32	71
32	72
32	76
32	85
32	92
32	97
32	111
32	117
33	47
33	58
33	60
33	63
33	71
33	76
33	77
33	82
33	86
33	88
33	90
33	92
33	94
33	97
33	98
34	44
34	51
34	52
34	57
34	69
34	77
34	81
34	90
34	110
35	46
35	50
35	51
35	56
35	59
35	79
35	107
35	110
35	114
35	116
35	123
35	125
36	62
36	75
36	77
36	96
36	100
36	102
36	112
36	113
36	115
36	120
36	128
37	38
37	40
37	64
37	87
37	95
37	101
37	105
37	111
37	115
37	125
38	63
38	87
39	43
39	47
39	63
39	66
39	70
39	71
39	76
39	84
39	88
39	93
39	95
39	97
40	42
40	64
40	67
40	81
40	87
40	103
40	108
40	126
41	55
41	75
41	79
41	95
41	96
41	103
41	116
41	120
41	121
41	128
42	43
42	47
42	54
42	64
42	99
42	105
42	113
43	66
43	68
43	70
43	72
43	76
43	77
43	78
43	80
43	85
43	91
43	97
43	122
44	48
44	50
44	51
44	52
44	58
44	60
44	86
44	103
44	116
44	123
44	126
45	46
45	52
45	53
45	56
45	57
45	61
45	62
45	79
45	81
45	102
45	123
46	47
46	50
46	51
46	53
46	56
46	59
46	61
46	73
46	79
46	81
46	87
46	89
46	106
46	107
46	110
46	113
46	125
47	56
47	60
47	64
47	66
47	68
47	71
47	77
47	80
47	82
47	84
47	85
47	86
47	99
47	122
47	124
48	49
48	59
48	60
48	61
48	62
48	63
48	67
48	102
48	116
48	123
48	125
49	50
49	53
49	56
49	57
49	58
49	61
49	63
49	79
49	102
49	107
50	51
50	57
50	64
50	69
50	73
50	79
50	81
50	106
50	116
51	54
51	56
51	59
51	61
51	62
51	69
51	89
52	53
52	56
52	58
52	59
52	60
52	61
52	62
52	81
52	89
52	110
52	114
52	116
53	56
53	57
53	60
53	61
53	63
53	69
53	79
53	89
53	114
53	123
54	67
54	94
54	103
54	111
55	74
55	88
55	95
55	101
55	104
55	119
55	120
55	121
55	122
55	128
56	57
56	62
56	63
56	69
56	73
56	80
56	81
56	89
56	98
56	102
56	126
57	81
57	89
57	108
57	125
58	63
58	73
58	89
58	102
58	107
58	116
58	123
58	125
59	60
59	63
59	73
59	110
60	69
60	81
60	89
60	96
60	107
60	110
60	124
60	126
61	62
61	79
61	89
61	107
61	114
61	126
62	79
62	89
62	116
62	123
63	69
63	79
63	81
63	101
63	102
63	107
63	110
63	116
64	67
64	124
65	66
65	69
65	73
65	80
65	81
65	83
65	85
65	88
65	90
65	92
65	95
65	97
65	110
65	111
65	126
65	128
66	70
66	71
66	76
66	85
66	92
66	95
66	97
66	98
66	99
66	117
66	122
66	124
67	87
67	89
67	96
68	72
68	76
68	78
68	80
68	82
68	83
68	88
68	95
68	98
68	99
68	100
69	73
69	79
69	103
69	110
69	113
69	123
69	125
69	126
70	72
70	82
70	84
70	85
70	89
70	92
70	94
70	95
70	100
70	103
70	117
71	75
71	76
71	77
71	83
71	85
71	88
71	92
71	93
71	98
71	99
71	103
71	104
71	110
71	124
72	77
72	78
72	82
72	86
72	90
72	92
72	98
72	104
73	81
73	89
73	110
73	114
73	115
73	125
74	103
74	106
74	113
74	114
74	127
75	88
75	101
75	103
75	106
75	112
75	113
75	119
75	120
75	128
76	82
76	88
76	93
76	94
76	98
76	108
76	109
76	126
77	78
77	80
77	84
77	92
77	93
77	95
77	108
77	109
77	122
77	124
78	84
78	85
78	86
78	93
78	95
78	99
78	108
78	124
79	94
79	107
79	110
79	123
79	125
80	82
80	84
80	86
80	88
80	94
80	99
80	112
80	113
80	122
81	89
81	92
81	102
81	114
81	116
82	83
82	88
82	92
82	112
82	113
82	115
82	122
82	124
83	90
83	93
83	101
83	113
83	115
83	124
84	88
84	93
84	115
84	117
84	122
84	124
85	86
85	93
85	94
85	98
85	110
85	115
85	117
86	88
86	92
86	95
86	99
86	124
87	105
87	119
88	90
88	94
88	98
88	107
88	117
88	118
88	119
88	120
88	121
89	110
89	125
90	92
90	93
90	96
90	99
90	120
90	122
91	96
91	100
91	101
91	103
91	104
91	106
91	108
91	112
91	113
91	120
91	127
92	95
92	98
92	99
92	117
92	124
93	94
93	95
93	98
93	122
94	99
94	117
94	122
95	117
95	124
95	127
95	128
96	100
96	103
96	106
96	113
96	115
96	121
96	124
96	127
96	128
97	98
97	109
97	112
97	113
97	115
97	119
97	127
97	128
98	112
98	113
99	105
99	117
100	101
100	104
100	108
100	112
100	113
100	118
100	119
101	103
101	104
101	106
101	109
101	115
101	118
101	119
101	128
102	114
102	116
102	120
102	123
102	125
103	104
103	107
103	115
103	118
103	121
104	108
104	109
104	116
104	118
104	127
105	111
106	109
106	113
106	115
106	128
107	122
107	123
108	109
108	112
108	113
108	114
108	118
108	128
109	113
109	120
109	121
109	128
110	123
112	113
112	120
113	120
113	125
113	127
114	125
114	126
115	118
115	128
116	121
116	126
117	124
118	128
119	121
119	127
120	121
120	128
122	128
123	126
125	127
